0 0.25 200
w 0.25 200 a
0 0.25 200
w 0.25 200 a
0 0.25 200
w 0.25 200 a
0 0.25 200
w 0.25 200 a
0 0.25 200
w 0.25 200 a
0 0.25 200
w 0.25 200 a
0 0.25 200
w 0.25 200 a
0 0.25 200
w 0.25 200 a
0 0.25 200
w 0.25 200 a
0 0.25 200
w 0.25 200 a
0 0.25 200
w 0.25 200 a
0 0.25 200
w 0.25 200 a
0 0.25 200
w 0.25 200 a
0 0.25 200
w 0.25 200 a
0 0.25 200
w 0.25 200 a
0 0.25 200
w 0.25 100 a
w 0.25 100 a
0 0.25 200
w 0.25 200 a
0 0.25 200
w 0.25 200 a
0 0.25 200
w 0.25 200 a
0 0.25 200
w 0.25 200 a
0 0.25 200
w 0.25 200 a
0 0.25 200
w 0.25 200 a
0 0.25 200
w 0.25 200 a
0 0.25 200
w 0.25 200 a
0 0.25 200
w 0.25 200 a
0 0.25 200
w 0.25 200 a
0 0.25 200
w 0.25 200 a
0 0.25 200
w 0.25 200 a
1 0.25 100
1 0.25 100
1 0.25 100
1 0.25 100
1 0.25 100
1 0.25 100
1 0.25 100
1 0.25 100
1 0.25 50
1 0.25 50
1 0.25 50
1 0.25 50
1 0.25 50
1 0.25 50
1 0.25 50
1 0.25 50
1 0.25 50
1 0.25 50
1 0.25 50
1 0.25 50
1 0.25 50
1 0.25 50
1 0.25 50
1 0.25 50

0 0.25 200
w 0.25 200 a
1 0.25 200
w 0.25 200 a
0 0.25 200
w 0.25 200 a
1 0.25 200
w 0.25 200 a
0 0.25 200
w 0.25 200 a
1 0.25 200
w 0.25 200 a
0 0.25 200
w 0.25 200 a
1 0.25 200
w 0.25 200 a
0 0.25 200
w 0.25 200 a
1 0.25 200
w 0.25 200 a
0 0.25 200
w 0.25 200 a
1 0.25 200
w 0.25 200 a
0 0.25 200
w 0.25 200 a
1 0.25 200
w 0.25 200 a
0 0.25 200
w 0.25 200 a
1 0.25 200
w15 0.4 40
w15 0 60
w15 0.4 40
w15 0 60

0 0.25 200
w 0.25 200 a
1 0.25 200
w 0.25 200 a
0 0.25 200
w 0.25 200 a
1 0.25 200
w 0.25 200 a
0 0.25 200
w 0.25 200 a
1 0.25 200
w 0.25 200 a
0 0.25 200
w 0.25 200 a
1 0.25 200
w 0.25 200 a
0 0.25 200
w 0.25 200 a
1 0.25 200
w 0.25 200 a
0 0.25 200
w 0.25 200 a
1 0.25 200
w 0.25 200 a
0 0.25 200
w 0.25 200 a
1 0.25 200
w 0.25 200 a
0 0.25 200
1 0.25 200
1 0.25 200
1 0.25 100
1 0.25 100

0 0.25 200
w 0.25 200 a
1 0.25 200
w 0.25 200 a
0 0.25 200
w 0.25 200 a
1 0.25 200
w 0.25 200 a
0 0.25 200
w 0.25 200 a
1 0.25 200
w 0.25 200 a
0 0.25 200
w 0.25 200 a
1 0.25 200
w 0.25 200 a
0 0.25 200
w 0.25 200 a
1 0.25 200
w 0.25 200 a
0 0.25 200
w 0.25 200 a
1 0.25 200
w 0.25 200 a
0 0.25 200
w 0.25 200 a
1 0.25 200
w 0.25 200 a
0 0.25 200
w 0.25 200 a
1 0.25 200
w15 0.4 40
w15 0 60
w15 0.4 40
w15 0 60

0 0.25 200
w 0.25 200 a
1 0.25 200
w 0.25 200 a
0 0.25 200
w 0.25 200 a
1 0.25 200
w 0.25 200 a
0 0.25 200
w 0.25 200 a
1 0.25 200
w 0.25 200 a
0 0.25 200
w 0.25 200 a
1 0.25 200
w 0.25 200 a
0 0.25 200
w 0.25 200 a
1 0.25 200
w 0.25 200 a
0 0.25 200
w 0.25 200 a
1 0.25 200
w 0.25 200 a

1 0.25 100
1 0.25 100
0 0.25 200
1 0.25 100
1 0.25 100
0 0.25 200
1 0.25 100
1 0.25 100
0 0.25 100
1 0.25 100
0 0.25 200
1 0.25 100
1 0.25 100