145 0.5 100
165 0.5 100
110 0.5 50
w 0 50
110 0.5 50
w 0 50
end opening
//
110 0.5 200
195 0.5 100
220 0.5 100
110 0.5 100
w 0 100
110 0.5 50
w 0 50
110 0.5 50
w 0 50
103 0.5 200
195 0.5 100
206 0.5 100
103 0.5 100
w 0 100
103 0.5 50
w 0 50
103 0.5 50
w 0 50
97.5 0.5 200
97.5 0.5 100
195 0.5 100
97.5 0.5 100
w 0 100
97.5 0.5 50
w 0 50
97.5 0.5 50
w 0 50
103 0.5 200
206 0.5 100
w 0 100
103 0.5 100
w 0 100
103 0.5 50
w 0 50
103 0.5 50
w 0 50

110 0.5 200
195 0.5 100
220 0.5 100
145 0.5 100
165 0.5 100
110 0.5 50
w 0 50
110 0.5 50
w 0 50
110 0.5 200
110 0.5 100
110 0.5 200
110 0.5 200
110 0.5 50
w 0 50
110 0.5 100
145 0.5 100
165 0.5 100
195 0.5 100
220 0.5 100
110 0.5 200
110 0.5 50
w 0 50
110 0.5 100
195 0.5 100
220 0.5 100
110 0.5 100
145 0.5 100
165 0.5 100
110 0.5 200

//
110 0.5 200
195 0.5 100
220 0.5 100
110 0.5 100
w 0 100
110 0.5 50
w 0 50
110 0.5 50
w 0 50
103 0.5 200
195 0.5 100
206 0.5 100
103 0.5 100
w 0 100
103 0.5 50
w 0 50
103 0.5 50
w 0 50
97.5 0.5 200
97.5 0.5 100
195 0.5 100
97.5 0.5 100
w 0 100
97.5 0.5 50
w 0 50
97.5 0.5 50
w 0 50
103 0.5 200
206 0.5 100
w 0 100
103 0.5 100
w 0 100
103 0.5 50
w 0 50
103 0.5 50
w 0 50

110 0.5 200
195 0.5 100
220 0.5 100
145 0.5 100
165 0.5 100
110 0.5 50
w 0 50
110 0.5 50
w 0 50
110 0.5 200
110 0.5 100
110 0.5 200
110 0.5 200
110 0.5 50
w 0 50
110 0.5 100
145 0.5 100
165 0.5 100
195 0.5 100
220 0.5 100
110 0.5 200
110 0.5 50
w 0 50
110 0.5 100
195 0.5 100
220 0.5 100
110 0.5 100
145 0.5 100
165 0.5 100
110 0.5 200

//
110 0.5 200
195 0.5 100
220 0.5 100
110 0.5 100
w 0 100
110 0.5 50
w 0 50
110 0.5 50
w 0 50
103 0.5 200
195 0.5 100
206 0.5 100
103 0.5 100
w 0 100
103 0.5 50
w 0 50
103 0.5 50
w 0 50
97.5 0.5 200
97.5 0.5 100
195 0.5 100
97.5 0.5 100
w 0 100
97.5 0.5 50
w 0 50
97.5 0.5 50
w 0 50
103 0.5 200
206 0.5 100
w 0 100
103 0.5 100
w 0 100
103 0.5 50
w 0 50
103 0.5 50
w 0 50

110 0.5 200
195 0.5 100
220 0.5 100
145 0.5 100
165 0.5 100
110 0.5 50
w 0 50
110 0.5 50
w 0 50
110 0.5 200
110 0.5 100
110 0.5 200
110 0.5 200
110 0.5 50
w 0 50
110 0.5 100
145 0.5 100
165 0.5 100
195 0.5 100
220 0.5 100
110 0.5 200
110 0.5 50
w 0 50
110 0.5 100
195 0.5 100
220 0.5 100
110 0.5 100
145 0.5 100
165 0.5 100
110 0.5 200

//
110 0.5 200
195 0.5 100
220 0.5 100
110 0.5 100
w 0 100
110 0.5 50
w 0 50
110 0.5 50
w 0 50
103 0.5 200
195 0.5 100
206 0.5 100
103 0.5 100
w 0 100
103 0.5 50
w 0 50
103 0.5 50
w 0 50
97.5 0.5 200
97.5 0.5 100
195 0.5 100
97.5 0.5 100
w 0 100
97.5 0.5 50
w 0 50
97.5 0.5 50
w 0 50
103 0.5 200
206 0.5 100
w 0 100
103 0.5 100
w 0 100
103 0.5 50
w 0 50
103 0.5 50
w 0 50

110 0.5 200
195 0.5 100
220 0.5 100
145 0.5 100
165 0.5 100
110 0.5 50
w 0 50
110 0.5 50
w 0 50
110 0.5 200
110 0.5 100
110 0.5 200
110 0.5 200
110 0.5 50
w 0 50
110 0.5 100
145 0.5 100
165 0.5 100
195 0.5 100
220 0.5 100
110 0.5 200
110 0.5 50
w 0 50
110 0.5 100
195 0.5 100
220 0.5 100
110 0.5 100
145 0.5 100
165 0.5 100
110 0.5 200
//
87.5 0.5 100
175 0.5 200
87.5 0.5 50
w 0 50
87.5 0.5 100
175 0.5 200
87.5 0.5 50
w 0 50
87.5 0.5 200
175 0.5 100
w 0 100
87.5 0.5 200
175 0.5 100
w 0 100
97.5 0.5 100
195 0.5 200
97.5 0.5 50
w 0 50
97.5 0.5 100
195 0.5 200
97.5 0.5 50
w 0 50
97.5 0.5 200
195 0.5 100
w 0 100
97.5 0.5 200
195 0.5 100
w 0 100
103 0.5 100
206 0.5 200
103 0.5 50
w 0 50
103 0.5 100
206 0.5 200
103 0.5 50
w 0 50
103 0.5 200
206 0.5 100
w 0 100
103 0.5 200
206 0.5 100
w 0 100
110 0.5 100
220 0.5 200
110 0.5 50
w 0 50
110 0.5 100
220 0.5 200
110 0.5 50
w 0 50
97.5 0.5 200
195 0.5 100
w 0 100
97.5 0.5 200
195 0.5 100
w 0 100


87.5 0.5 100
175 0.5 200
87.5 0.5 50
w 0 50
87.5 0.5 100
175 0.5 200
87.5 0.5 50
w 0 50
87.5 0.5 200
175 0.5 100
w 0 100
87.5 0.5 200
175 0.5 100
w 0 100
97.5 0.5 100
195 0.5 200
97.5 0.5 50
w 0 50
97.5 0.5 100
195 0.5 200
97.5 0.5 50
w 0 50
97.5 0.5 200
195 0.5 100
w 0 100
97.5 0.5 200
195 0.5 100
w 0 100
103 0.5 100
206 0.5 200
103 0.5 50
w 0 50
103 0.5 100
206 0.5 200
103 0.5 50
w 0 50
103 0.5 200
206 0.5 100
w 0 100
103 0.5 200
206 0.5 100
w 0 100
110 0.5 100
220 0.5 200
110 0.5 50
w 0 50
110 0.5 100
220 0.5 200
110 0.5 50
w 0 50
110 0.5 200
220 0.5 100
w 0 100
110 0.5 200
220 0.5 100
w 0 100

110 0.5 100
w 0 100
110 0.5 100
w 0 100
110 0.5 100
w 0 100
110 0.5 50
w 0 50
110 0.5 50
w 0 50
110 0.5 50
w 0 50
220 0.5 100
195 0.5 100
220 0.5 100
145 0.5 100
165 0.5 100
110 0.5 50
w 0 50
110 0.5 50
w 0 50