w 0 400
end opening
c 0
330 0.25 200
w 0 200
330 0.25 200
w 0 200
260 0.25 200
w 0 100
220 0.25 300
165 0.25 100
w 0 200
220 0.25 300
245 0.25 100
w 0 100
260 0.25 100
w 0 100
245 0.25 300
220 0.25 100
w 0 400
c 1
260 0.25 100
w 0 100
520 0.25 600 a
260 0.25 100
w 0 100
520 0.25 600 a
260 0.25 100
w 0 100
520 0.25 600 a
260 0.25 100
w 0 100
520 0.25 600 a

c 0
330 0.25 200
w 0 200
330 0.25 200
w 0 200
260 0.25 200
w 0 100
220 0.25 300
165 0.25 100
w 0 200
220 0.25 300
245 0.25 100
w 0 100
260 0.25 100
w 0 100
245 0.25 300
220 0.25 100
w 0 400
c 1
260 0.25 100
w 0 100
520 0.25 600 a
260 0.25 100
w 0 100
520 0.25 600 a
260 0.25 100
w 0 100
520 0.25 600 a
260 0.25 100
w 0 100
520 0.25 600 a

c 0
330 0.25 200
w 0 200
330 0.25 200
w 0 200
260 0.25 200
w 0 100
220 0.25 300
165 0.25 100
w 0 200
220 0.25 300
245 0.25 100
w 0 100
260 0.25 100
w 0 100
245 0.25 300
220 0.25 100
w 0 400
c 1
260 0.25 100
w 0 100
520 0.25 600 a
260 0.25 100
w 0 100
520 0.25 600 a
260 0.25 100
w 0 100
520 0.25 600 a
260 0.25 100
w 0 100
520 0.25 600 a

c 0
330 0.25 200
w 0 200
330 0.25 200
w 0 200
260 0.25 200
w 0 100
220 0.25 300
165 0.25 100
w 0 200
220 0.25 300
245 0.25 100
w 0 100
260 0.25 100
w 0 100
245 0.25 300
220 0.25 100
w 0 400
c 1
260 0.25 100
w 0 100
520 0.25 600 a
260 0.25 100
w 0 100
520 0.25 600 a
260 0.25 100
w 0 100
520 0.25 600 a
260 0.25 100
w 0 100
520 0.25 600 a
c 0
w 0 200
220 0.25 600 a
w 0 200
220 0.25 100
w 0 100
195 0.25 100
220 0.25 100
w 0 400
245 0.25 600 a
w 0 200
245 0.25 100
w 0 100
220 0.25 100
245 0.25 100
w 0 400
245 0.25 600 a
w 0 200
245 0.25 100
w 0 100
220 0.25 100
245 0.25 100
w 0 400
260 0.25 100
w 0 100
260 0.25 50
w 0 50
260 0.25 100
w 0 100
260 0.25 100
w 0 100
260 0.25 100
w 0 100
260 0.25 50
w 0 50
260 0.25 100
w 0 100
260 0.25 100
w 0 300
220 0.25 600 a
w 0 200
220 0.25 100
w 0 100
195 0.25 100
220 0.25 100
w 0 400
245 0.25 600 a
w 0 200
245 0.25 100
w 0 100
220 0.25 100
245 0.25 100
w 0 400
245 0.25 600 a
w 0 200
245 0.25 100
w 0 100
220 0.25 100
245 0.25 100
w 0 400
260 0.25 100
w 0 100
260 0.25 50
w 0 50
260 0.25 100
w 0 100
260 0.25 100
w 0 100
260 0.25 100
w 0 100
260 0.25 50
w 0 50
260 0.25 100
w 0 100
260 0.25 100
w 0 300
260 0.25 100
w 0 100
260 0.25 100
w 0 100
260 0.25 100
w 0 100
260 0.25 100
w 0 700