w 0 400
end opening
c 0
440 0.25 200
w 0 200
390 0.25 200
w 0 200
330 0.25 200
w 0 100
290 0.25 300
260 0.25 100
w 0 200
260 0.25 300
290 0.25 100
w 0 100
330 0.25 100
w 0 100
290 0.25 300
260 0.25 100
w 0 400
c 1
330 0.25 100
w 0 100
660 0.25 600 a
350 0.25 100
w 0 100
695 0.25 600 a
370 0.25 100
w 0 100
740 0.25 600 a
350 0.25 100
w 0 100
695 0.25 600 a

c 0
440 0.25 200
w 0 200
390 0.25 200
w 0 200
330 0.25 200
w 0 100
290 0.25 300
260 0.25 100
w 0 200
260 0.25 300
290 0.25 100
w 0 100
330 0.25 100
w 0 100
290 0.25 300
260 0.25 100
w 0 400
c 1
330 0.25 100
w 0 100
660 0.25 600 a
350 0.25 100
w 0 100
695 0.25 600 a
370 0.25 100
w 0 100
740 0.25 600 a
350 0.25 100
w 0 100
695 0.25 600 a

c 0
440 0.25 200
w 0 200
390 0.25 200
w 0 200
330 0.25 200
w 0 100
290 0.25 300
260 0.25 100
w 0 200
260 0.25 300
290 0.25 100
w 0 100
330 0.25 100
w 0 100
290 0.25 300
260 0.25 100
w 0 400
c 1
330 0.25 100
w 0 100
660 0.25 600 a
350 0.25 100
w 0 100
695 0.25 600 a
370 0.25 100
w 0 100
740 0.25 600 a
350 0.25 100
w 0 100
695 0.25 600 a

c 0
440 0.25 200
w 0 200
390 0.25 200
w 0 200
330 0.25 200
w 0 100
290 0.25 300
260 0.25 100
w 0 200
260 0.25 300
290 0.25 100
w 0 100
330 0.25 100
w 0 100
290 0.25 300
260 0.25 100
w 0 400
c 1
330 0.25 100
w 0 100
660 0.25 600 a
350 0.25 100
w 0 100
695 0.25 600 a
370 0.25 100
w 0 100
740 0.25 600 a
350 0.25 100
w 0 100
695 0.25 600 a
c 0
w 0 200
260 0.25 600 a
w 0 200
260 0.25 100
w 0 100
250 0.25 100
260 0.25 100
w 0 400
290 0.25 600 a
w 0 200
290 0.25 100
w 0 100
260 0.25 100
290 0.25 100
w 0 400
290 0.25 600 a
w 0 200
290 0.25 100
w 0 100
260 0.25 100
290 0.25 100
w 0 400
330 0.25 100
w 0 100
330 0.25 50
w 0 50
330 0.25 100
w 0 100
330 0.25 100
w 0 100
330 0.25 100
w 0 100
330 0.25 50
w 0 50
330 0.25 100
w 0 100
330 0.25 100
w 0 300
260 0.25 600 a
w 0 200
260 0.25 100
w 0 100
250 0.25 100
260 0.25 100
w 0 400
290 0.25 600 a
w 0 200
290 0.25 100
w 0 100
260 0.25 100
290 0.25 100
w 0 400
290 0.25 600 a
w 0 200
290 0.25 100
w 0 100
260 0.25 100
290 0.25 100
w 0 400
330 0.25 100
w 0 100
330 0.25 50
w 0 50
330 0.25 100
w 0 100
330 0.25 100
w 0 100
330 0.25 100
w 0 100
330 0.25 50
w 0 50
330 0.25 100
w 0 100
330 0.25 100
w 0 300
330 0.25 100
w 0 100
330 0.25 100
w 0 100
330 0.25 100
w 0 100
330 0.25 100
w 0 700