w 0 400
end opening
w 0 200
c 0
1760 0.25 2300 v
1560 0.25 100
1320 0.25 100
1170 0.25 100
1320 0.25 100
1170 0.25 100
1040 0.25 100
880 0.25 100
1170 0.25 25
1250 0.25 175
880 0.25 200
w 0 2000
1170 0.25 100
1250 0.25 100
1170 0.25 100
1250 0.25 100
1560 0.25 100
1760 0.25 100
2040 0.25 100
1760 0.25 100
w 0 200
1760 0.25 2300 v
1560 0.25 100
1320 0.25 100
1170 0.25 100
1320 0.25 100
1170 0.25 100
1040 0.25 100
880 0.25 100
1170 0.25 25
1250 0.25 175
880 0.25 200
w 0 1200
660 0.25 100
780 0.25 100
660 0.25 100
780 0.25 100
880 0.25 100
780 0.25 100
880 0.25 100
1040 0.25 100
1250 0.25 100
1320 0.25 100
1170 0.25 100
1040 0.25 100
1760 0.25 100
1560 0.25 100
1320 0.25 100
1040 0.25 100
c 1
330 0.25 1200
330 0.25 100
440 0.25 50
w 0 150
330 0.25 1100
290 0.25 100
w 0 100
260 0.25 100
w 0 100
245 0.25 100
w 0 100
260 0.25 300
220 0.25 100
w 0 2800
330 0.25 1200
330 0.25 100
440 0.25 50
w 0 150
330 0.25 1100
290 0.25 100
w 0 100
260 0.25 100
w 0 100
245 0.25 100
w 0 100
260 0.25 300
330 0.25 100
w 0 2200
660 0.25 200
580 0.25 200
520 0.25 200
520 0.25 300
440 0.25 300
660 0.25 800
580 0.25 100
520 0.25 100
580 0.25 250
w 0 50
490 0.25 250
w 0 50
390 0.25 600
490 0.25 200
440 0.25 200
410 0.25 300
490 0.25 150
w 0 150
580 0.25 400
700 0.25 100
w 0 100
660 0.25 100
w 0 100
580 0.25 100
w 0 100
660 0.25 200
w 0 200
580 0.25 200
w 0 200
520 0.25 200
w 0 200
490 0.25 200
w 0 200
520 0.25 300
440 0.25 300
660 0.25 800
580 0.25 100
520 0.25 100
580 0.25 250
w 0 50
490 0.25 250
w 0 50
390 0.25 600
490 0.25 200
440 0.25 200
410 0.25 300
490 0.25 150
w 0 150
580 0.25 400
700 0.25 100
w 0 100
660 0.25 100
w 0 100
580 0.25 100
w 0 100
660 0.25 100
580 0.25 100
660 0.25 2200
w 0 800