0 0.25 100
0 0.25 100
0 0.25 100
0 0.25 100
end opening
0 0.25 400

1 0.25 400

0 0.25 400

1 0.25 400

0 0.25 400

1 0.25 400

0 0.25 400

1 0.25 400

0 0.25 400

1 0.25 400

0 0.25 400

1 0.25 400

0 0.25 400

1 0.25 400

0 0.25 400

1 0.25 200
1 0.25 200

0 0.25 400

1 0.25 400

0 0.25 400

1 0.25 400

0 0.25 400

1 0.25 400

0 0.25 400

1 0.25 400

0 0.25 400

1 0.25 400

0 0.25 400

1 0.25 400

0 0.25 400

1 0.25 400

0 0.25 400

1 0.25 200
1 0.25 200
//
0 0.25 400

1 0.25 400

0 0.25 400

1 0.25 400

0 0.25 400

1 0.25 400

0 0.25 400

1 0.25 400

0 0.25 400

1 0.25 400

0 0.25 400

1 0.25 400

0 0.25 400

1 0.25 400

0 0.25 400

1 0.25 400

0 0.25 400

1 0.25 400

0 0.25 400

1 0.25 400

0 0.25 400

1 0.25 400

0 0.25 400

1 0.25 400

0 0.25 400

1 0.25 400

0 0.25 400

1 0.25 400

0 0.25 400

1 0.25 400

0 0.25 200

1 0.25 200
1 0.25 200
1 0.25 200
//
0 0.25 200
w12 0.625 50
w 0 150
1 0.25 200
w12 0.625 50
w 0 50
w12 0.625 50
w 0 50

0 0.25 200
w12 0.625 50
w 0 150
1 0.25 200
w12 0.625 50
w 0 50
w12 0.625 50
w 0 50

0 0.25 200
w12 0.625 50
w 0 150
1 0.25 200
w12 0.625 50
w 0 50
w12 0.625 50
w 0 50

0 0.25 100
w12 0.625 50
w 0 50
w12 0.625 50
w 0 50
w12 0.625 50
w 0 50
1 0.25 200
w12 0.625 50
w 0 150

0 0.25 200
w12 0.625 50
w 0 150
1 0.25 200
w12 0.625 50
w 0 50
w12 0.625 50
w 0 50

0 0.25 200
w12 0.625 50
w 0 150
1 0.25 200
w12 0.625 50
w 0 50
w12 0.625 50
w 0 50

0 0.25 200
w12 0.625 50
w 0 150
1 0.25 200
w12 0.625 50
w 0 50
w12 0.625 50
w 0 50

0 0.25 100
w12 0.625 50
w 0 50
w12 0.625 50
w 0 50
w12 0.625 50
w 0 50
1 0.25 200
w12 0.625 50
w 0 150

0 0.25 200
w12 0.625 50
w 0 150
1 0.25 200
w12 0.625 50
w 0 50
w12 0.625 50
w 0 50

0 0.25 200
w12 0.625 50
w 0 150
1 0.25 200
w12 0.625 50
w 0 50
w12 0.625 50
w 0 50

0 0.25 200
w12 0.625 50
w 0 150
1 0.25 200
w12 0.625 50
w 0 50
w12 0.625 50
w 0 50

0 0.25 100
w12 0.625 50
w 0 50
w12 0.625 50
w 0 50
w12 0.625 50
w 0 50
1 0.25 200
w12 0.625 50
w 0 150

0 0.25 200
w12 0.625 50
w 0 150
1 0.25 200
w12 0.625 50
w 0 50
w12 0.625 50
w 0 50

0 0.25 200
w12 0.625 50
w 0 150
1 0.25 200
w12 0.625 50
w 0 50
w12 0.625 50
w 0 50

0 0.25 200
w12 0.625 50
w 0 150
1 0.25 200
w12 0.625 50
w 0 50
w12 0.625 50
w 0 50

0 0.25 100
w12 0.625 50
w 0 50
w12 0.625 50
w 0 50
w12 0.625 50
w 0 50
1 0.25 200
w12 0.625 50
w 0 150

0 0.25 200
1 0.25 200
1 0.25 200
1 0.25 100
1 0.25 100
1 0.25 800