195 0.025 750 a
375 0.075 2250 a

145 0.025 750 a
375 0.075 2250 a

195 0.025 750 a
290 0.075 2250 a

145 0.025 750 a
275 0.075 2250 a

195 0.025 750 a
375 0.075 2250 a

145 0.025 750 a
375 0.075 2250 a

195 0.025 750 a
290 0.075 2250 a

145 0.025 750 a
275 0.075 2250 a

195 0.025 750 a
375 0.075 2250 a

145 0.025 750 a
375 0.075 2250 a

195 0.025 750 a
290 0.075 2250 a

145 0.025 750 a
275 0.075 2250 a

195 0.025 750 a
375 0.075 2250 a

145 0.025 750 a
375 0.075 2250 a

195 0.025 750 a
290 0.075 2250 a

145 0.025 750 a
275 0.075 2250 a

195 0.025 750 a
375 0.075 2250 a

145 0.025 750 a
375 0.075 2250 a

195 0.025 750 a
290 0.075 2250 a

145 0.025 750 a
275 0.075 2250 a

195 0.025 750 a
375 0.075 2250 a

145 0.025 750 a
375 0.075 2250 a

195 0.025 750 a
290 0.075 2250 a

145 0.025 750 a
275 0.075 2250 a