w 0 750
242 0.075 2250 a

w 0 750
220 0.075 2250 a

w 0 750
195 0.075 2250 a

w 0 750
145 0.075 2250 a

w 0 750
242 0.075 2250 a

w 0 750
220 0.075 2250 a

w 0 750
195 0.075 2250 a

w 0 750
145 0.075 2250 a

w 0 750
242 0.075 2250 a

w 0 750
220 0.075 2250 a

w 0 750
195 0.075 2250 a

w 0 750
145 0.075 2250 a

w 0 750
242 0.075 2250 a

w 0 750
220 0.075 2250 a

w 0 750
195 0.075 2250 a

w 0 750
145 0.075 2250 a

w 0 750
242 0.075 2250 a

w 0 750
220 0.075 2250 a

w 0 750
195 0.075 2250 a

w 0 750
145 0.075 2250 a

w 0 750
242 0.075 2250 a

w 0 750
220 0.075 2250 a

w 0 750
195 0.075 2250 a

w 0 750
145 0.075 2250 a