w 0 750
290 0.075 2250 a

w 0 750
275 0.075 2250 a

w 0 750
242 0.075 2250 a

w 0 750
220 0.075 2250 a

w 0 750
290 0.075 2250 a

w 0 750
275 0.075 2250 a

w 0 750
242 0.075 2250 a

w 0 750
220 0.075 2250 a

w 0 750
290 0.075 2250 a

w 0 750
275 0.075 2250 a

w 0 750
242 0.075 2250 a

w 0 750
220 0.075 2250 a

w 0 750
290 0.075 2250 a

w 0 750
275 0.075 2250 a

w 0 750
242 0.075 2250 a

w 0 750
220 0.075 2250 a

w 0 750
290 0.075 2250 a

w 0 750
275 0.075 2250 a

w 0 750
242 0.075 2250 a

w 0 750
220 0.075 2250 a

w 0 750
290 0.075 2250 a

w 0 750
275 0.075 2250 a

w 0 750
242 0.075 2250 a

w 0 750
220 0.075 2250 a