w5 0.175 24000
w 0 750
750 0.25 1125 v
864 0.25 1125 v
780 0.25 50
864 0.25 50
780 0.25 1025 v
750 0.25 1125 v
550 0.25 750 v
500 0.25 1125 v
550 0.25 750 v
580 0.25 1000 v
650 0.25 62.5
580 0.25 62.5
440 0.2 3000 v

375 0.05 375
375 0.075 375
375 0.1 375
375 0.125 375 v
375 0.15 375 v
375 0.175 375 v
375 0.20 375 v
375 0.225 375 v
375 0.25 1500 av
375 0.25 375
330 0.25 625
375 0.25 104.16
390 0.25 104.16
440 0.25 104.16
500 0.25 104.16
550 0.25 104.16
580 0.25 104.16
650 0.25 104.16
750 0.25 104.16
780 0.25 104.16
880 0.25 104.16
1000 0.25 104.16
1125 0.25 104.16
1000 0.25 1125.08 v
880 0.25 1125 v
650 0.2 1500 v
650 0.2 1500 av

w 0 750
750 0.25 1125 v
864 0.25 1125 v
780 0.25 50
864 0.25 50
780 0.25 1025 v
750 0.25 1125 v
550 0.25 750 v
500 0.25 1125 v
550 0.25 750 v
580 0.25 1000 v
650 0.25 62.5
580 0.25 62.5
440 0.2 3000 v

375 0.05 375
375 0.075 375
375 0.1 375
375 0.125 375 v
375 0.15 375 v
375 0.175 375 v
375 0.20 375 v
375 0.225 375 v
375 0.25 1500 av
375 0.25 375
330 0.25 625
375 0.25 104.16
390 0.25 104.16
440 0.25 104.16
500 0.25 104.16
550 0.25 104.16
580 0.25 104.16
650 0.25 104.16
750 0.25 104.16
780 0.25 104.16
880 0.25 104.16
1000 0.25 104.16
1125 0.25 104.16
1000 0.25 1125.08 v
880 0.25 1125 v
650 0.2 1500 v
650 0.2 1500 av