0 0.25 750
1 0.25 375
0 0.25 750
0 0.25 375
1 0.25 750

0 0.25 750
1 0.25 375
0 0.25 750
0 0.25 375
1 0.25 187.5
1 0.25 187.5
w 0 375

0 0.25 750
1 0.25 375
0 0.25 750
0 0.25 375
1 0.25 750

0 0.25 750
1 0.25 375
0 0.25 750
0 0.25 375
1 0.25 187.5
1 0.25 187.5
w 0 375

0 0.25 750
1 0.25 375
0 0.25 750
0 0.25 375
1 0.25 750

0 0.25 750
1 0.25 375
0 0.25 750
0 0.25 375
1 0.25 187.5
1 0.25 187.5
w 0 375

0 0.25 750
1 0.25 375
0 0.25 750
0 0.25 375
1 0.25 750

0 0.25 750
1 0.25 375
0 0.25 750
0 0.25 375
1 0.25 187.5
1 0.25 187.5
w 0 375

0 0.25 750
1 0.25 375
0 0.25 750
0 0.25 375
1 0.25 750

0 0.25 750
1 0.25 375
0 0.25 750
0 0.25 375
1 0.25 187.5
1 0.25 187.5
w 0 375

0 0.25 750
1 0.25 375
0 0.25 750
0 0.25 375
1 0.25 750

0 0.25 750
1 0.25 375
0 0.25 750
0 0.25 375
1 0.25 187.5
1 0.25 187.5
w 0 375

0 0.25 750
1 0.25 375
0 0.25 750
0 0.25 375
1 0.25 750

0 0.25 750
1 0.25 375
0 0.25 750
0 0.25 375
1 0.25 187.5
1 0.25 187.5
w 0 375

0 0.25 750
1 0.25 375
0 0.25 750
0 0.25 375
1 0.25 750

0 0.25 750
1 0.25 375
0 0.25 750
0 0.25 375
1 0.25 187.5
1 0.25 187.5
w 0 375


0 0.25 750
1 0.25 375
0 0.25 750
0 0.25 375
1 0.25 750

0 0.25 750
1 0.25 375
0 0.25 750
0 0.25 375
1 0.25 187.5
1 0.25 187.5
w 0 375

0 0.25 750
1 0.25 375
0 0.25 750
0 0.25 375
1 0.25 750

0 0.25 750
1 0.25 375
0 0.25 750
0 0.25 375
1 0.25 187.5
1 0.25 187.5
w 0 375

0 0.25 750
1 0.25 375
0 0.25 750
0 0.25 375
1 0.25 750

0 0.25 750
1 0.25 375
0 0.25 750
0 0.25 375
1 0.25 187.5
1 0.25 187.5
w 0 375

0 0.25 750
1 0.25 375
0 0.25 750
0 0.25 375
1 0.25 750

0 0.25 750
1 0.25 375
0 0.25 750
0 0.25 375
1 0.25 187.5
1 0.25 187.5
w 0 375