w 0 1500
end opening
130 0.4 250
w 0 125
130 0.4 125
w 0 250
130 0.4 250
130 0.3 250
130 0.2 250
130 0.1 250
130 0.4 63
w 0 62
130 0.4 63
w 0 62
115 0.4 250
w 0 125
115 0.4 125
w 0 250
110 0.4 250
110 0.3 250
110 0.2 250
110 0.1 250
110 0.4 63
w 0 62
110 0.4 63
w 0 62
145 0.4 250
w 0 125
145 0.4 250
w 0 125
145 0.4 63
w 0 62
145 0.4 63
w 0 62
137.5 0.4 250
w 0 125
137.5 0.4 250
w 0 125
137.5 0.4 63
w 0 62
137.5 0.4 63
w 0 62
130 0.4 250
w 0 125
130 0.4 250
w 0 125
130 0.4 63
w 0 62
130 0.4 63
w 0 62
125 0.4 250
w 0 125
125 0.4 250
w 0 125
125 0.4 63
w 0 62
125 0.4 63
w 0 62
97.5 0.4 250
w 0 125
97.5 0.4 125
w 0 250
97.5 0.4 250
97.5 0.3 250
97.5 0.2 250
97.5 0.1 250
97.5 0.4 63
w 0 62
97.5 0.4 63
w 0 62
125 0.4 250
w 0 125
125 0.4 125
w 0 250
125 0.4 250
125 0.3 250
125 0.2 250
125 0.1 250
125 0.4 63
w 0 62
125 0.4 63
w 0 62
130 0.4 250
w 0 125
130 0.4 125
w 0 250
130 0.4 250
130 0.3 250
130 0.2 250
130 0.1 250
130 0.4 63
w 0 62
130 0.4 63
w 0 62
145 0.4 250
w 0 125
145 0.4 125
w 0 250
97.5 0.4 250
97.5 0.3 250
97.5 0.2 250
145 0.4 250
97.5 0.4 250
130 0.4 250
w 0 125
130 0.4 125
w 0 250
130 0.4 250
130 0.3 250
130 0.2 250
130 0.1 250
130 0.4 63
w 0 62
130 0.4 63
w 0 62
115 0.4 250
w 0 125
115 0.4 125
w 0 250
110 0.4 250
110 0.3 250
110 0.2 250
110 0.1 250
110 0.4 63
w 0 62
110 0.4 63
w 0 62
145 0.4 250
w 0 125
145 0.4 250
w 0 125
145 0.4 63
w 0 62
145 0.4 63
w 0 62
137.5 0.4 250
w 0 125
137.5 0.4 250
w 0 125
137.5 0.4 63
w 0 62
137.5 0.4 63
w 0 62
130 0.4 250
w 0 125
130 0.4 250
w 0 125
130 0.4 63
w 0 62
130 0.4 63
w 0 62
125 0.4 250
w 0 125
125 0.4 250
w 0 125
125 0.4 63
w 0 62
125 0.4 63
w 0 62
97.5 0.4 250
w 0 125
97.5 0.4 125
w 0 250
97.5 0.4 250
97.5 0.3 250
97.5 0.2 250
97.5 0.1 250
97.5 0.4 63
w 0 62
97.5 0.4 63
w 0 62
125 0.4 250
w 0 125
125 0.4 125
w 0 250
125 0.4 250
125 0.3 250
125 0.2 250
125 0.1 250
145 0.4 63
w 0 62
125 0.4 63
w 0 62
130 0.4 250
w 0 125
130 0.4 125
w 0 250
130 0.4 250
130 0.3 250
130 0.2 250
130 0.1 250
97.5 0.4 63
w 0 62
130 0.4 63
w 0 62
145 0.4 250
w 0 125
145 0.4 125
w 0 250
145 0.4 250
145 0.3 250
145 0.2 250
145 0.1 250
110 0.4 63
w 0 62
145 0.4 63
w 0 62
165 0.4 250
w 0 125
165 0.4 125
w 0 250
165 0.4 250
165 0.3 250
165 0.2 250
165 0.1 250
125 0.4 63
w 0 62
165 0.4 63
w 0 62
172.5 0.4 250
w 0 125
172.5 0.4 125
w 0 250
172.5 0.4 250
172.5 0.3 250
172.5 0.2 250
172.5 0.1 250
195 0.4 63
w 0 62
172.5 0.4 63
w 0 62
130 0.4 250
w 0 125
130 0.4 125
w 0 250
130 0.4 250
130 0.3 250
130 0.2 250
130 0.1 250
97.5 0.4 63
w 0 62
130 0.4 63
w 0 62
145 0.4 250
w 0 125
145 0.4 125
w 0 250
145 0.4 250
145 0.3 250
145 0.2 250
145 0.1 250
110 0.4 63
w 0 62
145 0.4 63
w 0 62
165 0.4 250
w 0 125
165 0.4 125
w 0 250
165 0.4 250
165 0.3 250
165 0.2 250
165 0.1 250
165 0.4 63
w 0 62
172.5 0.4 63
w 0 62
195 0.4 125
w 0 375
97.5 0.4 250
97.5 0.3 250
97.5 0.2 250
97.5 0.1 250
97.5 0.05 250
97.5 0.025 250