w 0 1500
end opening
330 0.05 250 a
w 0 125
330 0.05 125
w 0 250
330 0.05 1000 a
w 0 250
290 0.05 250 a
w 0 125
290 0.05 125
w 0 250
277.5 0.05 1000 a
w 0 250
347.5 0.05 250 a
w 0 125
330 0.05 250 a
w 0 125
290 0.05 125
w 0 125
347.5 0.05 250 a
w 0 125
330 0.05 250 a
w 0 125
290 0.05 125
w 0 125
347.5 0.05 250 a
w 0 125
330 0.05 250 a
w 0 125
290 0.05 1000 a
w 0 250
//
290 0.05 250 a
w 0 125
290 0.05 125
w 0 250
290 0.05 1000 a
w 0 250
415 0.05 250 a
w 0 125
415 0.05 125
w 0 250
415 0.05 1000 a
w 0 250
330 0.05 250 a
w 0 125
330 0.05 125
w 0 250
330 0.05 750 a
w 0 250
390 0.05 375 a
w 0 125
390 0.05 125
w 0 125
347.5 0.05 375 a
w 0 125
330 0.05 125
w 0 125
290 0.05 500 a
w 0 250
//
330 0.05 250 a
w 0 125
330 0.05 125
w 0 250
330 0.05 1000 a
w 0 250
290 0.05 250 a
w 0 125
290 0.05 125
w 0 250
277.5 0.05 1000 a
w 0 250
347.5 0.05 250 a
w 0 125
330 0.05 250 a
w 0 125
290 0.05 125
w 0 125
347.5 0.05 250 a
w 0 125
330 0.05 250 a
w 0 125
290 0.05 125
w 0 125
347.5 0.05 250 a
w 0 125
330 0.05 250 a
w 0 125
290 0.05 1000 a
w 0 250
//
290 0.05 250 a
w 0 125
290 0.05 125
w 0 250
290 0.05 1000 a
w 0 250
347.5 0.05 250 a
w 0 125
347.5 0.05 125
w 0 250
347.5 0.05 1000 a
w 0 500
//
390 0.05 125
w 0 250
390 0.05 125
w 0 250
390 0.05 125
w 0 250
390 0.05 125
w 0 250
390 0.05 93.75
w 0 31.25
390 0.05 93.75
w 0 282.25 ------
440 0.05 125
w 0 250
440 0.05 125
w 0 250
440 0.05 125
w 0 250
440 0.05 125
w 0 250
440 0.05 93.75
w 0 31.25
440 0.05 93.75
w 0 282.25 ------
495 0.05 125
w 0 250
495 0.05 125
w 0 250
495 0.05 125
w 0 250
495 0.05 125
w 0 250
495 0.05 93.75
w 0 31.25
495 0.05 93.75
w 0 282.25 ------
520 0.05 125
w 0 250
520 0.05 125
w 0 250
520 0.05 125
w 0 250
495 0.05 125
w 0 250
440 0.05 125
w 0 250 ------
w 0 125
390 0.05 125
w 0 250
390 0.05 125
w 0 250
390 0.05 125
w 0 250
390 0.05 125
w 0 250
390 0.05 93.75
w 0 31.25
390 0.05 93.75
w 0 282.25 ------
440 0.05 125
w 0 250
440 0.05 125
w 0 250
440 0.05 125
w 0 250
440 0.05 125
w 0 250
440 0.05 93.75
w 0 31.25
440 0.05 93.75
w 0 282.25 ------
495 0.05 125
w 0 250
495 0.05 125
w 0 250
495 0.05 125
w 0 250
495 0.05 125
w 0 250
495 0.05 93.75
w 0 31.25
495 0.05 93.75
w 0 532.25 ------
440 0.05 1500 a