1560 0.05 250
1560 0.025 250
1760 0.05 250
1760 0.025 250
3120 0.05 250
3120 0.025 250
end opening
2640 0.05 500
2640 0.025 500
2640 0.0125 500
2640 0.00625 250
2640 0.05 125
2784 0.05 125
3120 0.05 250
3120 0.025 125
3520 0.05 250
3520 0.025 125
3720 0.05 250
3520 0.05 250
3520 0.025 250
3120 0.05 250
3120 0.025 250
2784 0.05 500
2784 0.025 500
2784 0.0125 250
2784 0.05 250
2640 0.05 250
2784 0.05 250
2784 0.025 250
2784 0.01875 250
2784 0.0125 250
2784 0.00625 250
2320 0.05 250
2320 0.025 250
2640 0.05 250
2640 0.025 250 ----
2784 0.05 500
2784 0.025 500
2784 0.0125 500
2784 0.00625 250
2320 0.05 125
2640 0.05 125
2784 0.05 250
2784 0.025 125
3120 0.05 250
3120 0.025 125
3320 0.05 250
3120 0.05 250
3120 0.025 250
2784 0.05 250
2784 0.025 250
2640 0.05 500
2640 0.025 500
2640 0.0125 250
2784 0.05 250
2640 0.05 250
2320 0.05 250
2320 0.025 250
2320 0.0125 250
1560 0.05 250
1560 0.025 250
1760 0.05 250
1760 0.025 250
3120 0.05 250
3120 0.025 250 ----
2640 0.05 500
2640 0.025 500
2640 0.0125 500
2640 0.00625 250
2640 0.05 125
2784 0.05 125
3120 0.05 250
3120 0.025 125
3520 0.05 250
3520 0.025 125
3720 0.05 250
3520 0.05 250
3520 0.025 250
3120 0.05 250
3120 0.025 250
2784 0.05 500
2784 0.025 500
2784 0.0125 250
2784 0.05 250
2640 0.05 250
2784 0.05 250
2784 0.025 250
2784 0.01875 250
2784 0.0125 250
2784 0.00625 250
2320 0.05 250
2320 0.025 250
2640 0.05 250
2640 0.025 250 ----
2784 0.05 500
2784 0.025 500
2784 0.0125 500
2784 0.00625 250
2320 0.05 125
2640 0.05 125
2784 0.05 250
2784 0.025 125
3120 0.05 250
3120 0.025 125
3320 0.05 250
3120 0.05 250
3120 0.025 250
2784 0.05 250
2784 0.025 250
2640 0.05 250
// Switch to low frequency
390 0.1 125
440 0.1 125
520 0.1 62
w4 0 62
520 0.1 62
w4 0 189
440 0.1 125
520 0.1 62
w4 0 62
520 0.1 62
w 0 62
// Second section
660 0.1 250
520 0.1 500
520 0.075 500
520 0.05 500
520 0.025 500
w 0 1750
660 0.1 250
520 0.1 500
520 0.075 500
520 0.05 500
520 0.025 500
w 0 1750
660 0.1 250
520 0.1 500
520 0.075 500
520 0.05 500
520 0.025 500
w 0 1750
660 0.1 250
520 0.1 250
520 0.075 250
520 0.05 250
520 0.025 250
390 0.1 250
390 0.05 250
440 0.1 250
440 0.05 250
780 0.1 250
780 0.05 250