390 0.1 250
390 0.05 250
440 0.1 250
440 0.05 250
780 0.1 250
780 0.05 250
end opening
660 0.1 500
660 0.05 500
660 0.025 500
660 0.0125 250
660 0.1 125
696 0.1 125
780 0.1 250
780 0.05 125
880 0.1 250
880 0.05 125
930 0.1 250
880 0.1 250
880 0.05 250
780 0.1 250
780 0.05 250
696 0.1 500
696 0.05 500
696 0.025 250
696 0.1 250
660 0.1 250
696 0.1 250
696 0.05 250
696 0.0375 250
696 0.025 250
696 0.0125 250
580 0.1 250
580 0.05 250
660 0.1 250
660 0.05 250 ----
696 0.1 500
696 0.05 500
696 0.025 500
696 0.0125 250
580 0.1 125
660 0.1 125
696 0.1 250
696 0.05 125
780 0.1 250
780 0.05 125
830 0.1 250
780 0.1 250
780 0.05 250
696 0.1 250
696 0.05 250
660 0.1 500
660 0.05 500
660 0.025 250
696 0.1 250
660 0.1 250
580 0.1 250
580 0.05 250
580 0.025 250
390 0.1 250
390 0.05 250
440 0.1 250
440 0.05 250
780 0.1 250
780 0.05 250 ----
660 0.1 500
660 0.05 500
660 0.025 500
660 0.0125 250
660 0.1 125
696 0.1 125
780 0.1 250
780 0.05 125
880 0.1 250
880 0.05 125
930 0.1 250
880 0.1 250
880 0.05 250
780 0.1 250
780 0.05 250
696 0.1 500
696 0.05 500
696 0.025 250
696 0.1 250
660 0.1 250
696 0.1 250
696 0.05 250
696 0.0375 250
696 0.025 250
696 0.0125 250
580 0.1 250
580 0.05 250
660 0.1 250
660 0.05 250 ----
696 0.1 500
696 0.05 500
696 0.025 500
696 0.0125 250
580 0.1 125
660 0.1 125
696 0.1 250
696 0.05 125
780 0.1 250
780 0.05 125
830 0.1 250
780 0.1 250
780 0.05 250
696 0.1 250
696 0.05 250
660 0.1 250
// Second section
660 0.075 250
660 0.05 250
660 0.025 250
660 0.0125 250
w4 0 125
w4 0.4 125
w8 0.3 125
w16 0.2 125
w32 0.1 125
w64 0.1 375
660 0.1 250
w4 0 250
520 0.1 250
w4 0 250
440 0.1 250
520 0.1 250
440 0.1 250
w4 0 250
390 0.1 125
440 0.1 125
520 0.1 62
w4 0 62
520 0.1 62
w4 0 189
440 0.1 125
520 0.1 62
w4 0 62
520 0.1 62
w4 0 189
w4 0.4 125
w8 0.3 125
w16 0.2 125
w32 0.1 125
w64 0.1 375
660 0.1 250
700 0.1 250
660 0.1 250
700 0.1 250
780 0.1 250
w4 0 250
520 0.1 250
w4 0 250
390 0.1 125
440 0.1 125
520 0.1 62
w4 0 62
520 0.1 62
w4 0 189
440 0.1 125
520 0.1 62
w4 0 62
520 0.1 62
w4 0 189
w4 0.4 125
w8 0.3 125
w16 0.2 125
w32 0.1 125
w64 0.1 375
660 0.1 250
w4 0 250
520 0.1 250
w4 0 250
440 0.1 62
w4 0 62
440 0.1 62
w4 0 64
520 0.1 250
440 0.1 250
w4 0 250
390 0.1 125
440 0.1 125
520 0.1 62
w4 0 62
520 0.1 62
w4 0 62
w4 0 127
440 0.1 125
520 0.1 62
w4 0 62
520 0.1 62
w4 0 62
w4 0 127
w4 0.4 125
w8 0.3 125
w16 0.2 125
660 0.1 125
700 0.1 125
780 0.1 125
w4 0 375
1000 0.1 62.5
1040 0.1 1437.5 v