w 0 1500
end opening
0 0.25 500
0 0.25 500
0 0.25 500
0 0.25 500
0 0.25 500
0 0.25 500
0 0.25 500
0 0.25 500
0 0.25 500
0 0.25 500
0 0.25 500
0 0.25 500
0 0.25 500
0 0.25 500
0 0.25 500
0 0.25 500
0 0.25 500
0 0.25 500
0 0.25 500
0 0.25 500
0 0.25 500
0 0.25 500
0 0.25 500
0 0.25 500
0 0.25 500
0 0.25 500
0 0.25 500
0 0.25 500
0 0.25 500
0 0.25 500
0 0.25 500
0 0.25 500
0 0.25 500
0 0.25 500
0 0.25 500
0 0.25 500
0 0.25 500
0 0.25 500
0 0.25 500
0 0.25 500
0 0.25 500
0 0.25 500
0 0.25 500
0 0.25 500
0 0.25 500
0 0.25 500
0 0.25 500
0 0.25 500
0 0.25 500
0 0.25 500
0 0.25 500
0 0.25 500
0 0.25 500
0 0.25 500
0 0.25 500
0 0.25 500
0 0.25 500
0 0.25 500
0 0.25 500
0 0.25 500
0 0.25 500
0 0.25 500
0 0.25 500
0 0.25 500
0 0.25 500
0 0.25 500
0 0.25 500
0 0.25 500
0 0.25 500
0 0.25 500
0 0.25 500
0 0.25 500
0 0.25 500
0 0.25 500
0 0.25 500
0 0.25 500
0 0.25 500
0 0.25 500
0 0.25 500
0 0.25 500
0 0.25 500
0 0.25 500
0 0.25 500
0 0.25 500
0 0.25 500
0 0.25 500
0 0.25 500
0 0.25 500