48.75 1 500
48.75 1 375
36.25 1 125
43.75 1 250
43.75 1 250
48.75 1 250
43.75 1 250
48.75 1 500
48.75 1 375
36.25 1 125
43.75 1 250
43.75 1 250
48.75 1 250
43.75 1 250
48.75 1 500
48.75 1 375
36.25 1 125
43.75 1 250
43.75 1 250
48.75 1 250
43.75 1 250
48.75 1 500
48.75 1 375
36.25 1 125
43.75 1 250
43.75 1 250
65 1 250
77.5 1 250

48.75 1 500
48.75 1 375
36.25 1 125
43.75 1 250
43.75 1 250
48.75 1 250
43.75 1 250
48.75 1 500
48.75 1 375
36.25 1 125
43.75 1 250
43.75 1 250
48.75 1 250
43.75 1 250
48.75 1 500
48.75 1 375
36.25 1 125
43.75 1 250
43.75 1 250
48.75 1 250
43.75 1 250
48.75 1 500
48.75 1 375
36.25 1 125
43.75 1 250
43.75 1 250
65 1 250
77.5 1 250

48.75 1 500
48.75 1 375
36.25 1 125
43.75 1 250
43.75 1 250
48.75 1 250
65 1 250
48.75 1 500
48.75 1 375
36.25 1 125
43.75 1 250
43.75 1 250
48.75 1 250
65 1 250
48.75 1 500
48.75 1 375
36.25 1 125
43.75 1 250
43.75 1 250
72.5 1 250
68.75 1 250
65 1 500
65 1 375
68.75 1 125
72.5 1 250
72.5 1 250
65 1 125
72.5 1 250
72.5 1 125

48.75 1 500
48.75 1 375
36.25 1 125
43.75 1 250
43.75 1 250
48.75 1 250
65 1 250
48.75 1 500
48.75 1 375
36.25 1 125
43.75 1 250
43.75 1 250
48.75 1 250
65 1 250
48.75 1 500
48.75 1 375
36.25 1 125
43.75 1 250
43.75 1 250
48.75 1 250
57.5 1 250
65 1 500
65 1 375
68.75 1 125
72.5 1 250
72.5 1 250
65 1 125
72.5 1 250
72.5 1 125

65 1 500
65 1 375
57.5 1 125
65 1 250
48.75 1 250
57.5 1 250
62.5 1 250
65 1 500
65 1 375
57.5 1 125
65 1 250
48.75 1 250
57.5 1 250
62.5 1 250

48.75 1 500
48.75 1 375
36.25 1 125
43.75 1 250
43.75 1 250
48.75 1 250
43.75 1 250
48.75 1 500
48.75 1 375
36.25 1 125
43.75 1 250
48.75 1 250
57.5 1 250
62.5 1 250

65 1 500
65 1 375
57.5 1 125
65 1 250
48.75 1 250
57.5 1 250
62.5 1 250
65 1 500
65 1 375
57.5 1 125
65 1 250
48.75 1 250
57.5 1 250
62.5 1 250

48.75 1 125
97.5 1 250
48.75 1 125
43.75 1 125
87.5 1 250
43.75 1 125
43.75 1 125
72.5 1 250
43.75 1 125
34.375 1 125
68.75 1 250
34.375 1 125
65 1 125
65 1 250
65 1 125
57.5 1 125
57.5 1 250
57.5 1 125
48.75 1 125
48.75 1 250
48.75 1 125
55 1 125
55 1 125
57.5 1 250

65 1 500
65 1 375
57.5 1 125
65 1 250
48.75 1 250
57.5 1 250
62.5 1 250
65 1 500
65 1 375
57.5 1 125
65 1 250
48.75 1 250
57.5 1 250
62.5 1 250

48.75 1 500
48.75 1 375
36.25 1 125
43.75 1 250
43.75 1 250
48.75 1 250
43.75 1 250
48.75 1 500
48.75 1 375
36.25 1 125
43.75 1 250
43.75 1 250
48.75 1 250
43.75 1 250

65 1 500
65 1 375
57.5 1 125
65 1 250
48.75 1 250
57.5 1 250
62.5 1 250
65 1 500
65 1 375
57.5 1 125
65 1 125
57.5 1 125
65 1 250
77.5 1 250
65 1 250
55 1 125
55 1 250
55 1 125
55 1 125
55 1 250
55 1 125
65 1 125
65 1 250
65 1 125
65 1 125
65 1 125
68.75 1 125
68.75 1 125
72.5 1 250
72.5 1 125
65 1 125
72.5 1 375
65 1 125
72.5 1 125
65 1 125
55 1 250
65 1 125
72.5 1 125
87.5 1 125
97.5 1 125