230 0.25 250
230 0.25 375
230 0.25 375
230 0.25 250
230 0.25 375
230 0.25 375
205 0.25 250
205 0.25 375
205 0.25 375
205 0.25 250
205 0.25 375
205 0.25 375
230 0.25 250
230 0.25 375
230 0.25 375
230 0.25 250
230 0.25 375
230 0.25 375
205 0.25 250
205 0.25 375
205 0.25 375
205 0.25 250
205 0.25 375
260 0.25 375

230 0.25 250
230 0.25 375
230 0.25 375
230 0.25 250
230 0.25 375
230 0.25 375
205 0.25 250
205 0.25 375
205 0.25 375
205 0.25 250
205 0.25 375
205 0.25 375
230 0.25 250
230 0.25 375
230 0.25 375
230 0.25 250
230 0.25 375
230 0.25 375
205 0.25 250
205 0.25 375
205 0.25 375
205 0.25 250
205 0.25 375
260 0.25 375

w 0 250
230 0.25 250
230 0.25 375
230 0.25 125
195 0 125
230 0.25 125
w 0 250
220 0.25 250
220 0.25 250
w 0 250
230 0.25 250
230 0.25 375
230 0.25 125
195 0 125
230 0.25 125
w 0 250
260 0.25 250
260 0.25 250
w 0 250
230 0.25 250
230 0.25 375
230 0.25 125
195 0 125
230 0.25 125
w 0 250
230 0.25 250
230 0.25 250
w 0 250
230 0.25 250
230 0.25 375
230 0.25 125
195 0 125
260 0.25 125
w 0 250
260 0.25 250
260 0.25 250

w 0 250
230 0.25 250
230 0.25 375
230 0.25 125
195 0 125
230 0.25 125
w 0 250
220 0.25 250
220 0.25 250
w 0 250
230 0.25 250
230 0.25 375
230 0.25 125
195 0 125
230 0.25 125
w 0 250
260 0.25 250
260 0.25 250
w 0 250
230 0.25 250
230 0.25 375
230 0.25 125
195 0 125
230 0.25 125
w 0 250
230 0.25 250
230 0.25 250
w 0 250
230 0.25 250
230 0.25 375
230 0.25 125
195 0 125
260 0.25 125
w 0 250
260 0.25 250
260 0.25 250

w 0 250
260 0.25 250
260 0.25 375
260 0.25 125
195 0 125
260 0.25 125
w 0 250
260 0.25 250
260 0.25 250
w 0 250
260 0.25 250
260 0.25 375
260 0.25 125
195 0 125
260 0.25 125
w 0 250
260 0.25 250
260 0.25 250
w 0 250
230 0.25 250
230 0.25 375
230 0.25 125
195 0 125
230 0.25 125
w 0 250
260 0.25 250
260 0.25 250
w 0 250
230 0.25 250
230 0.25 375
230 0.25 125
195 0 125
230 0.25 125
w 0 250
260 0.25 250
260 0.25 250

w 0 250
260 0.25 250
260 0.25 375
260 0.25 125
195 0 125
260 0.25 125
w 0 250
260 0.25 250
260 0.25 250
w 0 250
260 0.25 250
260 0.25 375
260 0.25 125
195 0 125
260 0.25 125
w 0 250
260 0.25 250
260 0.25 250
w 0 250
230 0.25 250
230 0.25 375
230 0.25 125
195 0 125
230 0.25 125
w 0 250
260 0.25 250
260 0.25 250
w 0 250
230 0.25 250
230 0.25 375
230 0.25 125
195 0 125
230 0.25 125
w 0 250
260 0.25 250
260 0.25 250

w 0 250
260 0.25 250
260 0.25 375
260 0.25 125
195 0 125
260 0.25 125
w 0 250
260 0.25 250
260 0.25 250
w 0 250
260 0.25 250
260 0.25 375
260 0.25 125
195 0 125
260 0.25 125
w 0 250
260 0.25 250
260 0.25 250
w 0 250
230 0.25 250
230 0.25 375
230 0.25 125
195 0 125
230 0.25 125
w 0 250
260 0.25 250
260 0.25 250
w 0 250
230 0.25 250
230 0.25 375
230 0.25 125
195 0 125
230 0.25 125
w 0 250
260 0.25 250
260 0.25 250

w 0 250
260 0.25 250
260 0.25 375
260 0.25 125
195 0 125
260 0.25 125
w 0 250
260 0.25 250
260 0.25 250
w 0 250
260 0.25 250
260 0.25 375
260 0.25 125
195 0 125
260 0.25 125
w 0 250
260 0.25 250
260 0.25 250
w 0 250
260 0.25 250
260 0.25 375
260 0.25 125
195 0 125
260 0.25 125
w 0 250
260 0.25 250
260 0.25 250
w 0 250
260 0.25 250
260 0.25 375
260 0.25 125
195 0 125
520 0.25 125
w 0 250
520 0.25 250
520 0.25 250