290 0.25 250
290 0.25 375
290 0.25 375
290 0.25 250
290 0.25 375
290 0.25 375
260 0.25 250
260 0.25 375
260 0.25 375
260 0.25 250
260 0.25 375
260 0.25 375
290 0.25 250
290 0.25 375
290 0.25 375
290 0.25 250
290 0.25 375
290 0.25 375
260 0.25 250
260 0.25 375
260 0.25 375
260 0.25 250
260 0.25 375
350 0.25 375

290 0.25 250
290 0.25 375
290 0.25 375
290 0.25 250
290 0.25 375
290 0.25 375
260 0.25 250
260 0.25 375
260 0.25 375
260 0.25 250
260 0.25 375
260 0.25 375
290 0.25 250
290 0.25 375
290 0.25 375
290 0.25 250
290 0.25 375
290 0.25 375
260 0.25 250
260 0.25 375
260 0.25 375
260 0.25 250
260 0.25 375
350 0.25 375

97.5 0.25 250
195 0.25 250
195 0.25 375
195 0.25 125
97.5 0.25 125
195 0.25 125
97.5 0.25 250
175 0.25 250
175 0.25 250
97.5 0.25 250
195 0.25 250
195 0.25 375
195 0.25 125
97.5 0.25 125
195 0.25 125
97.5 0.25 250
220 0.25 250
220 0.25 250
97.5 0.25 250
195 0.25 250
195 0.25 375
195 0.25 125
97.5 0.25 125
195 0.25 125
97.5 0.25 250
175 0.25 250
175 0.25 250
65 0.25 250
195 0.25 250
195 0.25 375
195 0.25 125
72.5 0.25 125
185 0.25 125
72.5 0.25 250
185 0.25 250
185 0.25 250

97.5 0.25 250
195 0.25 250
195 0.25 375
195 0.25 125
97.5 0.25 125
195 0.25 125
97.5 0.25 250
175 0.25 250
175 0.25 250
97.5 0.25 250
195 0.25 250
195 0.25 375
195 0.25 125
97.5 0.25 125
195 0.25 125
97.5 0.25 250
220 0.25 250
220 0.25 250
97.5 0.25 250
195 0.25 250
195 0.25 375
195 0.25 125
97.5 0.25 125
195 0.25 125
97.5 0.25 250
175 0.25 250
175 0.25 250
65 0.25 250
195 0.25 250
195 0.25 375
195 0.25 125
72.5 0.25 125
185 0.25 125
72.5 0.25 250
185 0.25 250
185 0.25 250

130 0.25 250
195 0.25 250
195 0.25 375
195 0.25 125
130 0.25 125
195 0.25 125
195 0.25 250
195 0.25 250
195 0.25 250
130 0.25 250
195 0.25 250
195 0.25 375
195 0.25 125
130 0.25 125
195 0.25 125
195 0.25 250
195 0.25 250
195 0.25 250
97.5 0.25 250
195 0.25 250
195 0.25 375
195 0.25 125
97.5 0.25 125
195 0.25 125
97.5 0.25 250
220 0.25 250
220 0.25 250
97.5 0.25 250
195 0.25 250
195 0.25 375
195 0.25 125
97.5 0.25 125
195 0.25 125
97.5 0.25 250
220 0.25 250
220 0.25 250

130 0.25 250
195 0.25 250
195 0.25 375
195 0.25 125
130 0.25 125
195 0.25 125
195 0.25 250
195 0.25 250
195 0.25 250
130 0.25 250
195 0.25 250
195 0.25 375
195 0.25 125
130 0.25 125
195 0.25 125
195 0.25 250
195 0.25 250
195 0.25 250
97.5 0.25 250
195 0.25 250
195 0.25 375
195 0.25 125
97.5 0.25 125
195 0.25 125
97.5 0.25 250
220 0.25 250
220 0.25 250
97.5 0.25 250
195 0.25 250
195 0.25 375
195 0.25 125
97.5 0.25 125
195 0.25 125
97.5 0.25 250
220 0.25 250
220 0.25 250

130 0.25 250
195 0.25 250
195 0.25 375
195 0.25 125
130 0.25 125
195 0.25 125
195 0.25 250
195 0.25 250
195 0.25 250
130 0.25 250
195 0.25 250
195 0.25 375
195 0.25 125
130 0.25 125
195 0.25 125
195 0.25 250
195 0.25 250
195 0.25 250
97.5 0.25 250
195 0.25 250
195 0.25 375
195 0.25 125
97.5 0.25 125
195 0.25 125
97.5 0.25 250
220 0.25 250
220 0.25 250
97.5 0.25 250
195 0.25 250
195 0.25 375
195 0.25 125
97.5 0.25 125
195 0.25 125
97.5 0.25 250
220 0.25 250
220 0.25 250

130 0.25 250
195 0.25 250
195 0.25 375
195 0.25 125
130 0.25 125
195 0.25 125
195 0.25 250
195 0.25 250
195 0.25 250
130 0.25 250
195 0.25 250
195 0.25 375
195 0.25 125
130 0.25 125
195 0.25 125
195 0.25 250
195 0.25 250
195 0.25 250
w 0 250
195 0.25 250
195 0.25 375
195 0.25 125
195 0 125
195 0.25 125
w 0 250
220 0.25 250
220 0.25 250
w 0 250
185 0.25 250
185 0.25 375
185 0.25 125
185 0 125
370 0.25 125
w 0 250
370 0.25 250
370 0.25 250