0 0.5 500
0 0.5 500
0 0.5 500
0 0.5 500
0 0.5 500
0 0.5 500
0 0.5 500
0 0.5 500
0 0.5 500
0 0.5 500
0 0.5 500
0 0.5 500
0 0.5 500
0 0.5 500
0 0.5 500
0 0.5 500
0 0.5 500
0 0.5 500
0 0.5 500
0 0.5 500
0 0.5 500
0 0.5 500
0 0.5 500
0 0.5 500
0 0.5 500
0 0.5 500
0 0.5 500
0 0.5 500
1 0.5 125
1 0.5 125
1 0.5 125
1 0.5 125
1 0.5 125
1 0.5 125
1 0.5 125
1 0.5 125
1 0.5 125
1 0.5 125
1 0.5 125
1 0.5 125
1 0.5 125
1 0.5 125
1 0.5 125
1 0.5 125

0 0.5 375
0 0.5 125
1 0.5 375
1 0.5 125
0 0.5 125
1 0.5 375
1 0.5 375
1 0.5 125
0 0.5 375
0 0.5 125
1 0.5 375
1 0.5 125
0 0.5 125
1 0.5 375
1 0.5 375
1 0.5 125
0 0.5 375
0 0.5 125
1 0.5 375
1 0.5 125
0 0.5 125
1 0.5 375
1 0.5 375
1 0.5 125
0 0.5 375
0 0.5 125
1 0.5 375
1 0.5 125
0 0.5 125
1 0.5 375
1 0.5 375
1 0.5 125

0 0.5 375
0 0.5 125
1 0.5 375
1 0.5 125
0 0.5 125
1 0.5 375
1 0.5 375
1 0.5 125
0 0.5 375
0 0.5 125
1 0.5 375
1 0.5 125
0 0.5 125
1 0.5 375
1 0.5 375
1 0.5 125
0 0.5 375
0 0.5 125
1 0.5 375
1 0.5 125
0 0.5 125
1 0.5 375
1 0.5 375
1 0.5 125
0 0.5 375
0 0.5 125
1 0.5 375
1 0.5 125
0 0.5 125
1 0.5 375
1 0.5 375
1 0.5 125

0 0.5 375
0 0.5 125
1 0.5 375
1 0.5 125
0 0.5 125
1 0.5 375
1 0.5 375
1 0.5 125
0 0.5 375
0 0.5 125
1 0.5 375
1 0.5 125
0 0.5 125
1 0.5 375
1 0.5 375
1 0.5 125
0 0.5 375
0 0.5 125
1 0.5 375
1 0.5 125
0 0.5 125
1 0.5 375
1 0.5 375
1 0.5 125
0 0.5 375
0 0.5 125
1 0.5 375
1 0.5 125
0 0.5 125
1 0.5 375
1 0.5 375
1 0.5 125

0 0.5 375
0 0.5 125
1 0.5 375
1 0.5 125
0 0.5 125
1 0.5 375
1 0.5 375
1 0.5 125
0 0.5 375
0 0.5 125
1 0.5 375
1 0.5 125
0 0.5 125
1 0.5 375
1 0.5 375
1 0.5 125
0 0.5 375
0 0.5 125
1 0.5 375
1 0.5 125
0 0.5 125
1 0.5 375
1 0.5 375
1 0.5 125
0 0.5 375
0 0.5 125
1 0.5 375
1 0.5 125
0 0.5 125
1 0.5 375
1 0.5 375
1 0.5 125

0 0.5 375
0 0.5 125
1 0.5 375
1 0.5 125
0 0.5 125
1 0.5 375
1 0.5 375
1 0.5 125
0 0.5 375
0 0.5 125
1 0.5 375
1 0.5 125
0 0.5 125
1 0.5 375
1 0.5 375
1 0.5 125
0 0.5 375
0 0.5 125
1 0.5 375
1 0.5 125
0 0.5 125
1 0.5 375
1 0.5 375
1 0.5 125
0 0.5 375
0 0.5 125
1 0.5 375
1 0.5 125
0 0.5 125
1 0.5 375
1 0.5 375
1 0.5 125

0 0.5 375
0 0.5 125
1 0.5 375
1 0.5 125
0 0.5 125
1 0.5 375
1 0.5 375
1 0.5 125
0 0.5 375
0 0.5 125
1 0.5 375
1 0.5 125
0 0.5 125
1 0.5 375
1 0.5 375
1 0.5 125
0 0.5 375
0 0.5 125
1 0.5 375
1 0.5 125
0 0.5 125
1 0.5 375
1 0.5 375
1 0.5 125
0 0.5 375
0 0.5 125
1 0.5 375
1 0.5 125
0 0.5 125
1 0.5 375
1 0.5 375
1 0.5 125